111 111 Ls'ic‘L1‘11111111111

1111111111011111111111111111 (1110111 1111 1111111111111111111111101111 11111111

1111111111· 11111111 11111 1111111111111 [111111111101111101111111 0111111311·
Ε111131111111111111111111111111111 111111’.111·ἶο1111.11111111111111,1 1111601111,
11111111111111110111111111111111111111181161110 11.

L. LLV Ρο11011111111,1111111011181111111111011111111.»
111· 10111 1111111181 LegiLL1111111i11is 1111 111110111111111111111111111111111111
110141411 11011 expreLLa 111111111111111111111111 1111 1111111111 111 11.
1111111111111111111111111111111111111111111101111118111011111-ι

11111111,1.κ110011111111111111111111111 11L111111111111. 1111111111, 1,
LLXLLO 0111161111 1111111111111 ,1110 1111111 11111 11111111 11111111111111110111111
Lev. LVXLL. 20. 21 [1111. 1171114. 1110111011, mala, 1111111111·
1111111111111011111111111111 111011101111111 1811111111
11111111 [41. >1111 24- 1111111111·11101111111111111,11111111111111 111111
11111111111111111111111111111111111011111111111111111111011110
111111 1111111111 111111011111111 111111 1111 11111 1111111111, (11111. 4111 01111111 111111·
{1141L11is 11111101 11111111 1101111111, 1111111111 ,111111 1111111118

14 4. (11111111111111811111111111111111111101111111111111111-
vei-1414 1111113, 101111111111111111111110111, 111 0111011101011111100111111
11111810. licet 141414114· 111C111 11010 11111111111111 11111101 11111111011 111οι
111111.111111811111111111011111101111111 111111 111111, 11111 diserte 1411
11011 41011111411'11141401141 1110 1111111111 11111 111 11011 1111111, 111 10110
L4011111g1111'014111, 111111, 1111111111111111, 1111111 1111111 1101111111111111111111
1111011111, 141414111411141811140114 11111111111111-..1 4411LL11
»1101111111111111111111111111111110011111110111111811111
11111 1011111111111111111111111111,111111011111111111111
1110111111 indaginis.

§.LV 111114011111111114114111014111114114111111111411114114
1111111111. 111 111111Ρ111 1111111 1111111111111111111 O11111i11111p1i111oq1144-
111411d 11111111111111111 speciebus Lege 1101111111111.111111 1111111 11111111
1101111111 11111 Lmqma 1111111101 10 4011 1114 1111111 111111141141114
La: 11111111 ,8111111111 141'11 1111111111111.

ι111111111110111111,11011811111101111110111,11111111-
1111111..11.11111111111]111,1110111111111101111111111111111111111111
’,111-11111, 111111111111111 11111, 441114111110111 4111 11111111 1111414 111111111-
114111144101 11111111 1111110.(11011111111111111111111111111
,11111101 411111114111114 11111111, 11111111 1101111111111 10111111111011111
11111

 

