33 3333333333 3333333333

333 333 444 3333 33 ,333333 3333 3333333 3333333 33 3333

3 333333 333 3333 3333333 44444 333’33 3333 33333333 ’333333

4444. 33 3333 33333 33 33 3333333 3333333 3333 333 ’33

333 33333 333333 444 33333 3333 &effi ’333333 3333333333
333 33333333 33333 33333 3 3333
33 3333333 3 333333

¹ 4422 3333333333 33333313 444 4244 3333333333 3333333333

, 44 3333 33333 333 444 4444 333 3333333 33333333 3>3333333

3333333333 333333 33333 33333 33333 4444 3’3’33’33 333 3;33 333333

33333 ,333333 333333333333333333333
44 333 333

423 ,3333 3333333333 ὓ3333 333, 333333 4444 4444· 33333333
33333 Θ3 3333333333 3333 444 444444 33333333 3333333333333333333333
44444444 33333333 4144 333 444443444441444 3333333
{443411431434 ιζ’ e44441 {3454}g ’33, 3’3’3”Ξ3’ ’33’”33’3’3’”’3’3’ J444 4143? 3’3’3

33333333 33 ‚ 444 44 3333 33 444 33 3333 ¹

3333333333

3.,3333 444 3333 3 333 33 3333· 424 44 44 444 3333333333 333
333333 3333 444 444 333’33333 33333333 33333 3333333333Θ33
3333333 3333333333 33333333 444 33333333 3333333333 444 444
333333 ’3333333 3333 3 ί33 333 3333 333333 3333333 s444 333333 333333 33333333
444414144444q4s449444'¹442 {¹¹44&4414421‘214134444444m44434‘
3333333 ἱ3333333333 3333 3333 333 3333133Β 44¹ 3333333333 33333 3333

3333333333 3333333333Θ3333 333, 3333333 33333333Θ3333 ⁴
v{14314444444444 3333333333 3333333333 33333 3333333333 ¹

3339333333 3333 4444444264444 3333333 3333333333
t44445344{¹41414e4'44s40us44n‘4‘4ss44w ”3’33’3ἲ’3ξ33σ33”’3”33”3”3’ἶ”3ῗ3ξ3’3
444 33333333 333 44 333 3333 33333333 3333 3333333333

3333 333 33333 333 44 44 3333333333 m ὂ333ῧειε 933333

V* 274·

 

